Toplist   999999 999 1181234567
YT6W      202472 580 1341074524
HA8KW     148892 450 1327830726
DL4UNY    145549 460 1340821444
DJ9AO     117547 430 1514303624
W6ZBA     100647 330 1364527448
DK2RO      99293 300 1475519625
SV2KBS     98758 320 1324127602
YT1BX      97934 320 1351780130
DK2FG      97150 290 1488274196
NQ6N       92833 290 1408109014
LB1GB      92768 320 1381392472
DL4DZ      92702 280 1259859932
HB9DHG     90650 310 1317898794
DF6FR      90337 330 1288694924
LW5HR      90128 290 1452212150
OH1FJV     88986 310 1244479654
DL1HR      88454 290 1489914746
AK7V       86857 320 1181234567
SJ2W       85293 290 1323295853
ON4KLG     84027 270 1317038979
DL4VAP     83606 280 1359895302
ZL2BSJ     83537 290 1182680712
DL1KSE     82822 280 1430785167
OE1TKW     81419 290 1515963099
